#
# gridID 1
#
gridtype  = curvilinear
gridsize  = 3128
xsize     = 46
ysize     = 68
xname     = lon
xdimname  = x
xlongname = "longitude"
xunits    = "degrees_east"
yname     = lat
ydimname  = y
ylongname = "latitude"
yunits    = "degrees_north"
xvals     = -74.917 -74.777 -74.637 -74.497 -74.357 -74.217 -74.077 -73.937 -73.797 
            -73.658 -73.518 -73.379 -73.24 -73.1 -72.961 -72.823 -72.684 -72.545 
            -72.406 -72.268 -72.13 -71.991 -71.853 -71.715 -71.577 -71.439 -71.302 
            -71.164 -71.027 -70.889 -70.752 -70.615 -70.478 -70.341 -70.204 -70.067 
            -69.931 -69.794 -69.658 -69.522 -69.386 -69.25 -69.114 -68.978 -68.843 
            -68.707 -74.884 -74.743 -74.603 -74.462 -74.322 -74.182 -74.042 -73.902 
            -73.762 -73.622 -73.483 -73.343 -73.204 -73.064 -72.925 -72.786 -72.647 
            -72.508 -72.369 -72.231 -72.092 -71.954 -71.815 -71.677 -71.539 -71.401 
            -71.263 -71.125 -70.987 -70.85 -70.712 -70.575 -70.438 -70.301 -70.164 
            -70.027 -69.89 -69.754 -69.617 -69.481 -69.345 -69.208 -69.072 -68.937 
            -68.801 -68.665 -74.85 -74.709 -74.568 -74.428 -74.287 -74.147 -74.007 
            -73.867 -73.727 -73.587 -73.447 -73.307 -73.167 -73.028 -72.888 -72.749 
            -72.61 -72.471 -72.332 -72.193 -72.054 -71.916 -71.777 -71.639 -71.5 
            -71.362 -71.224 -71.086 -70.948 -70.811 -70.673 -70.535 -70.398 -70.261 
            -70.124 -69.987 -69.85 -69.713 -69.576 -69.44 -69.303 -69.167 -69.031 
            -68.895 -68.759 -68.623 -74.816 -74.675 -74.534 -74.393 -74.253 -74.112 
            -73.972 -73.831 -73.691 -73.551 -73.411 -73.271 -73.131 -72.991 -72.852 
            -72.712 -72.573 -72.434 -72.294 -72.155 -72.016 -71.878 -71.739 -71.6 
            -71.462 -71.323 -71.185 -71.047 -70.909 -70.771 -70.633 -70.496 -70.358 
            -70.221 -70.083 -69.946 -69.809 -69.672 -69.535 -69.398 -69.262 -69.125 
            -68.989 -68.853 -68.716 -68.58 -74.782 -74.641 -74.5 -74.359 -74.218 
            -74.077 -73.936 -73.796 -73.655 -73.515 -73.375 -73.235 -73.095 -72.955 
            -72.815 -72.675 -72.536 -72.396 -72.257 -72.118 -71.979 -71.839 -71.701 
            -71.562 -71.423 -71.285 -71.146 -71.008 -70.87 -70.731 -70.593 -70.456 
            -70.318 -70.18 -70.043 -69.905 -69.768 -69.631 -69.494 -69.357 -69.22 
            -69.083 -68.947 -68.81 -68.674 -68.538 -74.748 -74.607 -74.465 -74.324 
            -74.183 -74.042 -73.901 -73.76 -73.62 -73.479 -73.339 -73.198 -73.058 
            -72.918 -72.778 -72.638 -72.498 -72.359 -72.219 -72.08 -71.94 -71.801 
            -71.662 -71.523 -71.384 -71.246 -71.107 -70.968 -70.83 -70.692 -70.553 
            -70.415 -70.277 -70.14 -70.002 -69.864 -69.727 -69.59 -69.452 -69.315 
            -69.178 -69.041 -68.905 -68.768 -68.632 -68.495 -74.714 -74.572 -74.431 
            -74.289 -74.148 -74.007 -73.866 -73.725 -73.584 -73.443 -73.303 -73.162 
            -73.022 -72.881 -72.741 -72.601 -72.461 -72.321 -72.181 -72.042 -71.902 
            -71.763 -71.624 -71.484 -71.345 -71.206 -71.068 -70.929 -70.79 -70.652 
            -70.513 -70.375 -70.237 -70.099 -69.961 -69.823 -69.686 -69.548 -69.411 
            -69.274 -69.136 -68.999 -68.862 -68.726 -68.589 -68.452 -74.679 -74.538 
            -74.396 -74.254 -74.113 -73.971 -73.83 -73.689 -73.548 -73.407 -73.266 
            -73.126 -72.985 -72.844 -72.704 -72.564 -72.424 -72.284 -72.144 -72.004 
            -71.864 -71.724 -71.585 -71.446 -71.306 -71.167 -71.028 -70.889 -70.75 
            -70.612 -70.473 -70.335 -70.197 -70.058 -69.92 -69.782 -69.644 -69.507 
            -69.369 -69.232 -69.094 -68.957 -68.82 -68.683 -68.546 -68.409 -74.645 
            -74.503 -74.361 -74.219 -74.078 -73.936 -73.795 -73.653 -73.512 -73.371 
            -73.23 -73.089 -72.948 -72.807 -72.667 -72.526 -72.386 -72.246 -72.106 
            -71.966 -71.826 -71.686 -71.546 -71.407 -71.267 -71.128 -70.989 -70.85 
            -70.711 -70.572 -70.433 -70.294 -70.156 -70.017 -69.879 -69.741 -69.603 
            -69.465 -69.327 -69.19 -69.052 -68.915 -68.778 -68.64 -68.503 -68.366 
            -74.61 -74.468 -74.326 -74.184 -74.042 -73.9 -73.759 -73.617 -73.476 
            -73.334 -73.193 -73.052 -72.911 -72.77 -72.629 -72.489 -72.348 -72.208 
            -72.067 -71.927 -71.787 -71.647 -71.507 -71.368 -71.228 -71.088 -70.949 
            -70.81 -70.671 -70.532 -70.393 -70.254 -70.115 -69.977 -69.838 -69.7 
            -69.562 -69.423 -69.286 -69.148 -69.01 -68.872 -68.735 -68.598 -68.46 
            -68.323 -74.576 -74.433 -74.291 -74.149 -74.007 -73.865 -73.723 -73.581 
            -73.44 -73.298 -73.157 -73.015 -72.874 -72.733 -72.592 -72.451 -72.31 
            -72.17 -72.029 -71.889 -71.749 -71.608 -71.468 -71.328 -71.189 -71.049 
            -70.909 -70.77 -70.63 -70.491 -70.352 -70.213 -70.074 -69.935 -69.797 
            -69.658 -69.52 -69.382 -69.244 -69.105 -68.968 -68.83 -68.692 -68.555 
            -68.417 -68.28 -74.541 -74.398 -74.256 -74.113 -73.971 -73.829 -73.687 
            -73.545 -73.403 -73.261 -73.12 -72.978 -72.837 -72.696 -72.554 -72.413 
            -72.272 -72.132 -71.991 -71.85 -71.71 -71.569 -71.429 -71.289 -71.149 
            -71.009 -70.869 -70.73 -70.59 -70.451 -70.311 -70.172 -70.033 -69.894 
            -69.755 -69.617 -69.478 -69.34 -69.201 -69.063 -68.925 -68.787 -68.649 
            -68.512 -68.374 -68.237 -74.506 -74.363 -74.221 -74.078 -73.936 -73.793 
            -73.651 -73.509 -73.367 -73.225 -73.083 -72.941 -72.8 -72.658 -72.517 
            -72.376 -72.234 -72.093 -71.952 -71.812 -71.671 -71.53 -71.39 -71.25 
            -71.109 -70.969 -70.829 -70.69 -70.55 -70.41 -70.271 -70.131 -69.992 
            -69.853 -69.714 -69.575 -69.436 -69.298 -69.159 -69.021 -68.882 -68.744 
            -68.606 -68.468 -68.331 -68.193 -74.471 -74.328 -74.185 -74.042 -73.9 
            -73.757 -73.615 -73.472 -73.33 -73.188 -73.046 -72.904 -72.762 -72.621 
            -72.479 -72.338 -72.196 -72.055 -71.914 -71.773 -71.632 -71.491 -71.351 
            -71.21 -71.07 -70.929 -70.789 -70.649 -70.509 -70.369 -70.23 -70.09 -69.951 
            -69.811 -69.672 -69.533 -69.394 -69.255 -69.117 -68.978 -68.84 -68.701 
            -68.563 -68.425 -68.287 -68.149 -74.436 -74.293 -74.15 -74.007 -73.864 
            -73.721 -73.578 -73.436 -73.293 -73.151 -73.009 -72.867 -72.725 -72.583 
            -72.441 -72.299 -72.158 -72.017 -71.875 -71.734 -71.593 -71.452 -71.311 
            -71.17 -71.03 -70.889 -70.749 -70.609 -70.469 -70.329 -70.189 -70.049 
            -69.909 -69.77 -69.63 -69.491 -69.352 -69.213 -69.074 -68.935 -68.797 
            -68.658 -68.52 -68.382 -68.244 -68.106 -74.401 -74.257 -74.114 -73.971 
            -73.828 -73.685 -73.542 -73.399 -73.257 -73.114 -72.972 -72.829 -72.687 
            -72.545 -72.403 -72.261 -72.12 -71.978 -71.836 -71.695 -71.554 -71.413 
            -71.272 -71.131 -70.99 -70.849 -70.709 -70.568 -70.428 -70.288 -70.148 
            -70.008 -69.868 -69.728 -69.589 -69.449 -69.31 -69.171 -69.032 -68.893 
            -68.754 -68.615 -68.477 -68.338 -68.2 -68.062 -74.366 -74.222 -74.078 
            -73.935 -73.792 -73.649 -73.505 -73.363 -73.22 -73.077 -72.934 -72.792 
            -72.649 -72.507 -72.365 -72.223 -72.081 -71.939 -71.797 -71.656 -71.514 
            -71.373 -71.232 -71.091 -70.95 -70.809 -70.668 -70.528 -70.387 -70.247 
            -70.106 -69.966 -69.826 -69.686 -69.547 -69.407 -69.267 -69.128 -68.989 
            -68.85 -68.711 -68.572 -68.433 -68.294 -68.156 -68.018 -74.33 -74.186 
            -74.043 -73.899 -73.756 -73.612 -73.469 -73.326 -73.183 -73.04 -72.897 
            -72.754 -72.612 -72.469 -72.327 -72.185 -72.042 -71.9 -71.758 -71.617 
            -71.475 -71.333 -71.192 -71.051 -70.91 -70.768 -70.628 -70.487 -70.346 
            -70.205 -70.065 -69.925 -69.785 -69.644 -69.504 -69.365 -69.225 -69.085 
            -68.946 -68.807 -68.667 -68.528 -68.389 -68.251 -68.112 -67.973 -74.295 
            -74.151 -74.007 -73.863 -73.719 -73.576 -73.432 -73.289 -73.146 -73.002 
            -72.859 -72.716 -72.574 -72.431 -72.288 -72.146 -72.004 -71.861 -71.719 
            -71.577 -71.435 -71.294 -71.152 -71.011 -70.869 -70.728 -70.587 -70.446 
            -70.305 -70.164 -70.024 -69.883 -69.743 -69.602 -69.462 -69.322 -69.182 
            -69.043 -68.903 -68.763 -68.624 -68.485 -68.346 -68.207 -68.068 -67.929 
            -74.259 -74.115 -73.971 -73.827 -73.683 -73.539 -73.395 -73.252 -73.108 
            -72.965 -72.822 -72.679 -72.536 -72.393 -72.25 -72.107 -71.965 -71.822 
            -71.68 -71.538 -71.396 -71.254 -71.112 -70.97 -70.829 -70.687 -70.546 
            -70.405 -70.264 -70.123 -69.982 -69.841 -69.701 -69.56 -69.42 -69.28 
            -69.14 -69 -68.86 -68.72 -68.581 -68.441 -68.302 -68.163 -68.024 -67.885 
            -74.223 -74.079 -73.935 -73.79 -73.646 -73.502 -73.358 -73.215 -73.071 
            -72.927 -72.784 -72.641 -72.497 -72.354 -72.211 -72.068 -71.926 -71.783 
            -71.641 -71.498 -71.356 -71.214 -71.072 -70.93 -70.788 -70.647 -70.505 
            -70.364 -70.222 -70.081 -69.94 -69.799 -69.658 -69.518 -69.377 -69.237 
            -69.097 -68.957 -68.817 -68.677 -68.537 -68.397 -68.258 -68.118 -67.979 
            -67.84 -74.188 -74.043 -73.898 -73.754 -73.61 -73.465 -73.321 -73.177 
            -73.033 -72.89 -72.746 -72.602 -72.459 -72.316 -72.173 -72.03 -71.887 
            -71.744 -71.601 -71.459 -71.316 -71.174 -71.032 -70.889 -70.747 -70.606 
            -70.464 -70.322 -70.181 -70.039 -69.898 -69.757 -69.616 -69.475 -69.335 
            -69.194 -69.054 -68.913 -68.773 -68.633 -68.493 -68.353 -68.214 -68.074 
            -67.935 -67.795 -74.152 -74.007 -73.862 -73.717 -73.573 -73.428 -73.284 
            -73.14 -72.996 -72.852 -72.708 -72.564 -72.421 -72.277 -72.134 -71.991 
            -71.847 -71.704 -71.561 -71.419 -71.276 -71.134 -70.991 -70.849 -70.707 
            -70.565 -70.423 -70.281 -70.139 -69.998 -69.856 -69.715 -69.574 -69.433 
            -69.292 -69.151 -69.01 -68.87 -68.73 -68.589 -68.449 -68.309 -68.169 
            -68.03 -67.89 -67.751 -74.116 -73.97 -73.826 -73.681 -73.536 -73.391 
            -73.247 -73.102 -72.958 -72.814 -72.67 -72.526 -72.382 -72.238 -72.095 
            -71.951 -71.808 -71.665 -71.522 -71.379 -71.236 -71.093 -70.951 -70.808 
            -70.666 -70.523 -70.381 -70.239 -70.098 -69.956 -69.814 -69.673 -69.531 
            -69.39 -69.249 -69.108 -68.967 -68.827 -68.686 -68.545 -68.405 -68.265 
            -68.125 -67.985 -67.845 -67.706 -74.079 -73.934 -73.789 -73.644 -73.499 
            -73.354 -73.209 -73.065 -72.92 -72.776 -72.632 -72.487 -72.343 -72.2 
            -72.056 -71.912 -71.769 -71.625 -71.482 -71.339 -71.196 -71.053 -70.91 
            -70.767 -70.625 -70.482 -70.34 -70.198 -70.056 -69.914 -69.772 -69.63 
            -69.489 -69.347 -69.206 -69.065 -68.924 -68.783 -68.642 -68.501 -68.361 
            -68.221 -68.08 -67.94 -67.8 -67.66 -74.043 -73.898 -73.752 -73.607 -73.462 
            -73.317 -73.172 -73.027 -72.882 -72.738 -72.593 -72.449 -72.305 -72.161 
            -72.017 -71.873 -71.729 -71.585 -71.442 -71.298 -71.155 -71.012 -70.869 
            -70.726 -70.583 -70.441 -70.298 -70.156 -70.014 -69.872 -69.73 -69.588 
            -69.446 -69.304 -69.163 -69.021 -68.88 -68.739 -68.598 -68.457 -68.317 
            -68.176 -68.036 -67.895 -67.755 -67.615 -74.007 -73.861 -73.715 -73.57 
            -73.425 -73.279 -73.134 -72.989 -72.844 -72.699 -72.555 -72.41 -72.266 
            -72.121 -71.977 -71.833 -71.689 -71.545 -71.402 -71.258 -71.115 -70.971 
            -70.828 -70.685 -70.542 -70.399 -70.257 -70.114 -69.972 -69.829 -69.687 
            -69.545 -69.403 -69.261 -69.12 -68.978 -68.837 -68.695 -68.554 -68.413 
            -68.272 -68.132 -67.991 -67.85 -67.71 -67.57 -73.97 -73.824 -73.678 -73.533 
            -73.387 -73.242 -73.096 -72.951 -72.806 -72.661 -72.516 -72.371 -72.227 
            -72.082 -71.938 -71.794 -71.649 -71.505 -71.361 -71.218 -71.074 -70.931 
            -70.787 -70.644 -70.501 -70.358 -70.215 -70.072 -69.929 -69.787 -69.644 
            -69.502 -69.36 -69.218 -69.076 -68.934 -68.793 -68.651 -68.51 -68.369 
            -68.228 -68.087 -67.946 -67.805 -67.665 -67.524 -73.934 -73.787 -73.641 
            -73.496 -73.35 -73.204 -73.058 -72.913 -72.768 -72.622 -72.477 -72.332 
            -72.188 -72.043 -71.898 -71.754 -71.609 -71.465 -71.321 -71.177 -71.033 
            -70.89 -70.746 -70.602 -70.459 -70.316 -70.173 -70.03 -69.887 -69.744 
            -69.602 -69.459 -69.317 -69.175 -69.033 -68.891 -68.749 -68.607 -68.466 
            -68.324 -68.183 -68.042 -67.901 -67.76 -67.619 -67.479 -73.897 -73.75 
            -73.604 -73.458 -73.312 -73.166 -73.02 -72.875 -72.729 -72.584 -72.439 
            -72.293 -72.148 -72.003 -71.859 -71.714 -71.569 -71.425 -71.281 -71.136 
            -70.992 -70.848 -70.705 -70.561 -70.417 -70.274 -70.131 -69.987 -69.844 
            -69.702 -69.559 -69.416 -69.274 -69.131 -68.989 -68.847 -68.705 -68.563 
            -68.421 -68.28 -68.138 -67.997 -67.856 -67.715 -67.574 -67.433 -73.86 
            -73.713 -73.567 -73.421 -73.274 -73.128 -72.982 -72.836 -72.691 -72.545 
            -72.4 -72.254 -72.109 -71.964 -71.819 -71.674 -71.529 -71.385 -71.24 
            -71.096 -70.951 -70.807 -70.663 -70.519 -70.376 -70.232 -70.088 -69.945 
            -69.802 -69.659 -69.516 -69.373 -69.23 -69.088 -68.945 -68.803 -68.661 
            -68.518 -68.377 -68.235 -68.093 -67.952 -67.81 -67.669 -67.528 -67.387 
            -73.823 -73.676 -73.53 -73.383 -73.237 -73.09 -72.944 -72.798 -72.652 
            -72.506 -72.361 -72.215 -72.069 -71.924 -71.779 -71.634 -71.489 -71.344 
            -71.199 -71.055 -70.91 -70.766 -70.622 -70.478 -70.334 -70.19 -70.046 
            -69.902 -69.759 -69.616 -69.473 -69.329 -69.187 -69.044 -68.901 -68.759 
            -68.616 -68.474 -68.332 -68.19 -68.048 -67.906 -67.765 -67.623 -67.482 
            -67.341 -73.786 -73.639 -73.492 -73.345 -73.199 -73.052 -72.906 -72.759 
            -72.613 -72.467 -72.321 -72.176 -72.03 -71.884 -71.739 -71.594 -71.448 
            -71.303 -71.158 -71.014 -70.869 -70.724 -70.58 -70.436 -70.292 -70.147 
            -70.004 -69.86 -69.716 -69.573 -69.429 -69.286 -69.143 -69 -68.857 -68.714 
            -68.572 -68.429 -68.287 -68.145 -68.003 -67.861 -67.719 -67.578 -67.436 
            -67.295 -73.749 -73.602 -73.454 -73.307 -73.161 -73.014 -72.867 -72.721 
            -72.574 -72.428 -72.282 -72.136 -71.99 -71.844 -71.699 -71.553 -71.408 
            -71.263 -71.117 -70.972 -70.828 -70.683 -70.538 -70.394 -70.249 -70.105 
            -69.961 -69.817 -69.673 -69.529 -69.386 -69.242 -69.099 -68.956 -68.813 
            -68.67 -68.527 -68.385 -68.242 -68.1 -67.957 -67.815 -67.673 -67.532 
            -67.39 -67.248 -73.711 -73.564 -73.417 -73.27 -73.122 -72.976 -72.829 
            -72.682 -72.535 -72.389 -72.243 -72.096 -71.95 -71.804 -71.658 -71.513 
            -71.367 -71.222 -71.076 -70.931 -70.786 -70.641 -70.496 -70.352 -70.207 
            -70.062 -69.918 -69.774 -69.63 -69.486 -69.342 -69.199 -69.055 -68.912 
            -68.768 -68.625 -68.482 -68.34 -68.197 -68.054 -67.912 -67.77 -67.627 
            -67.485 -67.344 -67.202 -73.674 -73.526 -73.379 -73.231 -73.084 -72.937 
            -72.79 -72.643 -72.496 -72.35 -72.203 -72.057 -71.91 -71.764 -71.618 
            -71.472 -71.326 -71.181 -71.035 -70.89 -70.744 -70.599 -70.454 -70.309 
            -70.164 -70.02 -69.875 -69.731 -69.587 -69.443 -69.299 -69.155 -69.011 
            -68.867 -68.724 -68.581 -68.438 -68.294 -68.152 -68.009 -67.866 -67.724 
            -67.581 -67.439 -67.297 -67.155 -73.636 -73.489 -73.341 -73.193 -73.046 
            -72.898 -72.751 -72.604 -72.457 -72.31 -72.163 -72.017 -71.87 -71.724 
            -71.577 -71.431 -71.285 -71.139 -70.994 -70.848 -70.703 -70.557 -70.412 
            -70.267 -70.122 -69.977 -69.832 -69.688 -69.543 -69.399 -69.255 -69.111 
            -68.967 -68.823 -68.679 -68.536 -68.393 -68.249 -68.106 -67.963 -67.82 
            -67.678 -67.535 -67.393 -67.251 -67.108 -73.599 -73.451 -73.303 -73.155 
            -73.007 -72.86 -72.712 -72.565 -72.418 -72.27 -72.123 -71.977 -71.83 
            -71.683 -71.537 -71.39 -71.244 -71.098 -70.952 -70.806 -70.661 -70.515 
            -70.37 -70.224 -70.079 -69.934 -69.789 -69.644 -69.5 -69.355 -69.211 
            -69.067 -68.922 -68.778 -68.635 -68.491 -68.347 -68.204 -68.061 -67.917 
            -67.774 -67.632 -67.489 -67.346 -67.204 -67.062 -73.561 -73.413 -73.265 
            -73.117 -72.969 -72.821 -72.673 -72.525 -72.378 -72.231 -72.084 -71.936 
            -71.79 -71.643 -71.496 -71.349 -71.203 -71.057 -70.911 -70.764 -70.619 
            -70.473 -70.327 -70.182 -70.036 -69.891 -69.746 -69.601 -69.456 -69.311 
            -69.167 -69.022 -68.878 -68.734 -68.59 -68.446 -68.302 -68.158 -68.015 
            -67.872 -67.728 -67.585 -67.442 -67.3 -67.157 -67.015 -73.523 -73.375 
            -73.226 -73.078 -72.93 -72.782 -72.634 -72.486 -72.338 -72.191 -72.043 
            -71.896 -71.749 -71.602 -71.455 -71.308 -71.162 -71.015 -70.869 -70.723 
            -70.576 -70.43 -70.285 -70.139 -69.993 -69.848 -69.702 -69.557 -69.412 
            -69.267 -69.122 -68.978 -68.833 -68.689 -68.545 -68.401 -68.257 -68.113 
            -67.969 -67.826 -67.682 -67.539 -67.396 -67.253 -67.11 -66.967 -73.485 
            -73.336 -73.188 -73.039 -72.891 -72.743 -72.595 -72.447 -72.299 -72.151 
            -72.003 -71.856 -71.708 -71.561 -71.414 -71.267 -71.12 -70.973 -70.827 
            -70.68 -70.534 -70.388 -70.242 -70.096 -69.95 -69.804 -69.659 -69.513 
            -69.368 -69.223 -69.078 -68.933 -68.789 -68.644 -68.5 -68.355 -68.211 
            -68.067 -67.923 -67.779 -67.636 -67.492 -67.349 -67.206 -67.063 -66.92 
            -73.447 -73.298 -73.149 -73 -72.852 -72.703 -72.555 -72.407 -72.259 -72.111 
            -71.963 -71.815 -71.668 -71.52 -71.373 -71.226 -71.079 -70.932 -70.785 
            -70.638 -70.492 -70.345 -70.199 -70.053 -69.907 -69.761 -69.615 -69.47 
            -69.324 -69.179 -69.034 -68.889 -68.744 -68.599 -68.454 -68.31 -68.165 
            -68.021 -67.877 -67.733 -67.589 -67.446 -67.302 -67.159 -67.016 -66.872 
            -73.409 -73.26 -73.11 -72.962 -72.813 -72.664 -72.515 -72.367 -72.219 
            -72.071 -71.922 -71.775 -71.627 -71.479 -71.332 -71.184 -71.037 -70.89 
            -70.743 -70.596 -70.449 -70.302 -70.156 -70.01 -69.863 -69.717 -69.571 
            -69.426 -69.28 -69.134 -68.989 -68.844 -68.699 -68.554 -68.409 -68.264 
            -68.12 -67.975 -67.831 -67.687 -67.543 -67.399 -67.255 -67.112 -66.968 
            -66.825 -73.37 -73.221 -73.072 -72.922 -72.773 -72.625 -72.476 -72.327 
            -72.179 -72.03 -71.882 -71.734 -71.586 -71.438 -71.29 -71.142 -70.995 
            -70.848 -70.7 -70.553 -70.406 -70.26 -70.113 -69.966 -69.82 -69.674 -69.527 
            -69.381 -69.236 -69.09 -68.944 -68.799 -68.653 -68.508 -68.363 -68.218 
            -68.073 -67.929 -67.784 -67.64 -67.496 -67.352 -67.208 -67.064 -66.921 
            -66.777 -73.332 -73.182 -73.033 -72.883 -72.734 -72.585 -72.436 -72.287 
            -72.138 -71.99 -71.841 -71.693 -71.545 -71.397 -71.249 -71.101 -70.953 
            -70.805 -70.658 -70.511 -70.363 -70.216 -70.07 -69.923 -69.776 -69.63 
            -69.483 -69.337 -69.191 -69.045 -68.899 -68.754 -68.608 -68.463 -68.317 
            -68.172 -68.027 -67.883 -67.738 -67.593 -67.449 -67.305 -67.161 -67.017 
            -66.873 -66.729 -73.293 -73.143 -72.994 -72.844 -72.695 -72.545 -72.396 
            -72.247 -72.098 -71.949 -71.8 -71.652 -71.503 -71.355 -71.207 -71.059 
            -70.911 -70.763 -70.615 -70.468 -70.32 -70.173 -70.026 -69.879 -69.732 
            -69.586 -69.439 -69.293 -69.146 -69 -68.854 -68.708 -68.563 -68.417 -68.272 
            -68.126 -67.981 -67.836 -67.691 -67.546 -67.402 -67.257 -67.113 -66.969 
            -66.825 -66.681 -73.254 -73.104 -72.954 -72.805 -72.655 -72.505 -72.356 
            -72.207 -72.057 -71.908 -71.759 -71.611 -71.462 -71.313 -71.165 -71.017 
            -70.869 -70.721 -70.573 -70.425 -70.277 -70.13 -69.983 -69.835 -69.688 
            -69.541 -69.395 -69.248 -69.102 -68.955 -68.809 -68.663 -68.517 -68.371 
            -68.226 -68.08 -67.935 -67.789 -67.644 -67.499 -67.355 -67.21 -67.066 
            -66.921 -66.777 -66.633 -73.216 -73.065 -72.915 -72.765 -72.615 -72.465 
            -72.316 -72.166 -72.017 -71.867 -71.718 -71.569 -71.42 -71.272 -71.123 
            -70.975 -70.826 -70.678 -70.53 -70.382 -70.234 -70.086 -69.939 -69.792 
            -69.644 -69.497 -69.35 -69.203 -69.057 -68.91 -68.764 -68.617 -68.471 
            -68.325 -68.179 -68.034 -67.888 -67.743 -67.597 -67.452 -67.307 -67.162 
            -67.018 -66.873 -66.729 -66.585 -73.177 -73.026 -72.876 -72.725 -72.575 
            -72.425 -72.275 -72.126 -71.976 -71.826 -71.677 -71.528 -71.379 -71.23 
            -71.081 -70.932 -70.784 -70.635 -70.487 -70.339 -70.191 -70.043 -69.895 
            -69.748 -69.6 -69.453 -69.306 -69.158 -69.012 -68.865 -68.718 -68.572 
            -68.425 -68.279 -68.133 -67.987 -67.841 -67.696 -67.55 -67.405 -67.26 
            -67.115 -66.97 -66.825 -66.681 -66.536 -73.137 -72.987 -72.836 -72.686 
            -72.535 -72.385 -72.235 -72.085 -71.935 -71.785 -71.636 -71.486 -71.337 
            -71.188 -71.039 -70.89 -70.741 -70.592 -70.444 -70.295 -70.147 -69.999 
            -69.851 -69.703 -69.556 -69.408 -69.261 -69.113 -68.966 -68.819 -68.673 
            -68.526 -68.379 -68.233 -68.087 -67.94 -67.795 -67.649 -67.503 -67.357 
            -67.212 -67.067 -66.922 -66.777 -66.632 -66.487 -73.098 -72.947 -72.796 
            -72.646 -72.495 -72.345 -72.194 -72.044 -71.894 -71.744 -71.594 -71.445 
            -71.295 -71.146 -70.996 -70.847 -70.698 -70.549 -70.401 -70.252 -70.104 
            -69.955 -69.807 -69.659 -69.511 -69.363 -69.216 -69.068 -68.921 -68.774 
            -68.627 -68.48 -68.333 -68.186 -68.04 -67.894 -67.748 -67.602 -67.456 
            -67.31 -67.164 -67.019 -66.874 -66.728 -66.583 -66.439 -73.059 -72.908 
            -72.756 -72.606 -72.455 -72.304 -72.154 -72.003 -71.853 -71.703 -71.553 
            -71.403 -71.253 -71.103 -70.954 -70.805 -70.655 -70.506 -70.357 -70.208 
            -70.06 -69.911 -69.763 -69.615 -69.467 -69.319 -69.171 -69.023 -68.875 
            -68.728 -68.581 -68.434 -68.287 -68.14 -67.993 -67.847 -67.7 -67.554 
            -67.408 -67.262 -67.116 -66.971 -66.825 -66.68 -66.535 -66.39 -73.019 
            -72.868 -72.717 -72.565 -72.414 -72.263 -72.113 -71.962 -71.811 -71.661 
            -71.511 -71.361 -71.211 -71.061 -70.911 -70.762 -70.612 -70.463 -70.314 
            -70.165 -70.016 -69.867 -69.719 -69.57 -69.422 -69.274 -69.125 -68.978 
            -68.83 -68.682 -68.535 -68.387 -68.24 -68.093 -67.946 -67.8 -67.653 -67.507 
            -67.36 -67.214 -67.068 -66.922 -66.777 -66.631 -66.486 -66.341 -72.98 
            -72.828 -72.676 -72.525 -72.374 -72.223 -72.072 -71.921 -71.77 -71.619 
            -71.469 -71.319 -71.168 -71.018 -70.868 -70.719 -70.569 -70.419 -70.27 
            -70.121 -69.972 -69.823 -69.674 -69.525 -69.377 -69.228 -69.08 -68.932 
            -68.784 -68.636 -68.489 -68.341 -68.194 -68.046 -67.899 -67.752 -67.606 
            -67.459 -67.312 -67.166 -67.02 -66.874 -66.728 -66.582 -66.437 -66.291 
            -72.94 -72.788 -72.636 -72.485 -72.333 -72.182 -72.031 -71.879 -71.728 
            -71.578 -71.427 -71.276 -71.126 -70.976 -70.826 -70.676 -70.526 -70.376 
            -70.226 -70.077 -69.928 -69.778 -69.629 -69.48 -69.332 -69.183 -69.035 
            -68.886 -68.738 -68.59 -68.442 -68.294 -68.147 -67.999 -67.852 -67.705 
            -67.558 -67.411 -67.264 -67.118 -66.972 -66.825 -66.679 -66.533 -66.387 
            -66.242 -72.9 -72.748 -72.596 -72.444 -72.292 -72.141 -71.989 -71.838 
            -71.687 -71.536 -71.385 -71.234 -71.083 -70.933 -70.782 -70.632 -70.482 
            -70.332 -70.182 -70.033 -69.883 -69.734 -69.585 -69.435 -69.286 -69.138 
            -68.989 -68.84 -68.692 -68.544 -68.396 -68.248 -68.1 -67.952 -67.805 
            -67.658 -67.51 -67.363 -67.216 -67.07 -66.923 -66.777 -66.63 -66.484 
            -66.338 -66.192 -72.86 -72.708 -72.555 -72.403 -72.251 -72.1 -71.948 
            -71.796 -71.645 -71.494 -71.342 -71.191 -71.041 -70.89 -70.739 -70.589 
            -70.439 -70.288 -70.138 -69.988 -69.839 -69.689 -69.54 -69.39 -69.241 
            -69.092 -68.943 -68.794 -68.646 -68.497 -68.349 -68.201 -68.053 -67.905 
            -67.757 -67.61 -67.462 -67.315 -67.168 -67.021 -66.874 -66.728 -66.581 
            -66.435 -66.289 -66.143 -72.82 -72.667 -72.515 -72.362 -72.21 -72.058 
            -71.906 -71.755 -71.603 -71.451 -71.3 -71.149 -70.998 -70.847 -70.696 
            -70.545 -70.395 -70.244 -70.094 -69.944 -69.794 -69.644 -69.495 -69.345 
            -69.196 -69.046 -68.897 -68.748 -68.599 -68.451 -68.302 -68.154 -68.006 
            -67.858 -67.71 -67.562 -67.414 -67.267 -67.12 -66.972 -66.825 -66.679 
            -66.532 -66.385 -66.239 -66.093 -72.779 -72.627 -72.474 -72.321 -72.169 
            -72.017 -71.865 -71.713 -71.561 -71.409 -71.258 -71.106 -70.955 -70.804 
            -70.653 -70.502 -70.351 -70.2 -70.05 -69.899 -69.749 -69.599 -69.449 
            -69.3 -69.15 -69 -68.851 -68.702 -68.553 -68.404 -68.255 -68.107 -67.958 
            -67.81 -67.662 -67.514 -67.366 -67.219 -67.071 -66.924 -66.776 -66.629 
            -66.482 -66.336 -66.189 -66.043 -72.739 -72.586 -72.433 -72.28 -72.128 
            -71.975 -71.823 -71.671 -71.519 -71.367 -71.215 -71.063 -70.912 -70.76 
            -70.609 -70.458 -70.307 -70.156 -70.005 -69.855 -69.704 -69.554 -69.404 
            -69.254 -69.104 -68.954 -68.805 -68.656 -68.506 -68.357 -68.208 -68.06 
            -67.911 -67.762 -67.614 -67.466 -67.318 -67.17 -67.022 -66.875 -66.727 
            -66.58 -66.433 -66.286 -66.139 -65.992 -72.699 -72.545 -72.392 -72.239 
            -72.086 -71.934 -71.781 -71.628 -71.476 -71.324 -71.172 -71.02 -70.868 
            -70.717 -70.565 -70.414 -70.263 -70.112 -69.961 -69.81 -69.659 -69.509 
            -69.358 -69.208 -69.058 -68.908 -68.759 -68.609 -68.46 -68.31 -68.161 
            -68.012 -67.863 -67.715 -67.566 -67.418 -67.269 -67.121 -66.973 -66.826 
            -66.678 -66.53 -66.383 -66.236 -66.089 -65.942 -72.658 -72.504 -72.351 
            -72.198 -72.045 -71.892 -71.739 -71.586 -71.434 -71.281 -71.129 -70.977 
            -70.825 -70.673 -70.521 -70.37 -70.218 -70.067 -69.916 -69.765 -69.614 
            -69.463 -69.313 -69.162 -69.012 -68.862 -68.712 -68.562 -68.413 -68.263 
            -68.114 -67.964 -67.815 -67.667 -67.518 -67.369 -67.221 -67.072 -66.924 
            -66.776 -66.628 -66.481 -66.333 -66.186 -66.039 -65.892 -72.617 -72.463 
            -72.31 -72.156 -72.003 -71.85 -71.697 -71.544 -71.391 -71.238 -71.086 
            -70.933 -70.781 -70.629 -70.477 -70.325 -70.174 -70.022 -69.871 -69.72 
            -69.569 -69.418 -69.267 -69.116 -68.966 -68.816 -68.665 -68.515 -68.365 
            -68.216 -68.066 -67.917 -67.767 -67.618 -67.469 -67.321 -67.172 -67.023 
            -66.875 -66.727 -66.579 -66.431 -66.283 -66.136 -65.988 -65.841 -72.576 
            -72.422 -72.268 -72.115 -71.961 -71.808 -71.654 -71.501 -71.348 -71.195 
            -71.043 -70.89 -70.738 -70.585 -70.433 -70.281 -70.129 -69.977 -69.826 
            -69.674 -69.523 -69.372 -69.221 -69.07 -68.919 -68.769 -68.619 -68.468 
            -68.318 -68.168 -68.018 -67.869 -67.719 -67.57 -67.421 -67.272 -67.123 
            -66.974 -66.826 -66.677 -66.529 -66.381 -66.233 -66.085 -65.938 -65.79 
            -72.535 -72.381 -72.227 -72.073 -71.919 -71.765 -71.612 -71.458 -71.305 
            -71.152 -70.999 -70.846 -70.694 -70.541 -70.389 -70.237 -70.084 -69.932 
            -69.781 -69.629 -69.478 -69.326 -69.175 -69.024 -68.873 -68.722 -68.572 
            -68.421 -68.271 -68.121 -67.971 -67.821 -67.671 -67.522 -67.372 -67.223 
            -67.074 -66.925 -66.776 -66.628 -66.479 -66.331 -66.183 -66.035 -65.887 
            -65.739 -72.494 -72.339 -72.185 -72.031 -71.877 -71.723 -71.569 -71.416 
            -71.262 -71.109 -70.956 -70.803 -70.65 -70.497 -70.344 -70.192 -70.04 
            -69.887 -69.735 -69.583 -69.432 -69.28 -69.129 -68.977 -68.826 -68.675 
            -68.524 -68.374 -68.223 -68.073 -67.923 -67.773 -67.623 -67.473 -67.323 
            -67.174 -67.025 -66.875 -66.726 -66.578 -66.429 -66.28 -66.132 -65.984 
            -65.836 -65.688 -72.452 -72.298 -72.143 -71.989 -71.835 -71.68 -71.526 
            -71.373 -71.219 -71.065 -70.912 -70.759 -70.606 -70.453 -70.3 -70.147 
            -69.994 -69.842 -69.69 -69.538 -69.386 -69.234 -69.082 -68.931 -68.779 
            -68.628 -68.477 -68.326 -68.176 -68.025 -67.874 -67.724 -67.574 -67.424 
            -67.274 -67.125 -66.975 -66.826 -66.677 -66.528 -66.379 -66.23 -66.081 
            -65.933 -65.785 -65.637 -72.411 -72.256 -72.101 -71.947 -71.792 -71.638 
            -71.484 -71.329 -71.176 -71.022 -70.868 -70.715 -70.561 -70.408 -70.255 
            -70.102 -69.949 -69.797 -69.644 -69.492 -69.34 -69.188 -69.036 -68.884 
            -68.732 -68.581 -68.43 -68.279 -68.128 -67.977 -67.826 -67.676 -67.525 
            -67.375 -67.225 -67.075 -66.926 -66.776 -66.627 -66.477 -66.328 -66.179 
            -66.031 -65.882 -65.734 -65.585 
yvals     = 41.206 41.181 41.155 41.129 41.103 41.077 41.051 41.025 40.998 40.972 
            40.945 40.918 40.891 40.863 40.836 40.808 40.781 40.753 40.725 40.696 
            40.668 40.639 40.611 40.582 40.553 40.524 40.494 40.465 40.435 40.405 
            40.375 40.345 40.315 40.285 40.254 40.223 40.193 40.162 40.13 40.099 
            40.068 40.036 40.004 39.972 39.94 39.908 41.312 41.286 41.261 41.235 
            41.209 41.183 41.157 41.13 41.104 41.077 41.05 41.023 40.996 40.969 40.941 
            40.913 40.886 40.858 40.829 40.801 40.773 40.744 40.715 40.687 40.657 
            40.628 40.599 40.569 40.54 40.51 40.48 40.45 40.419 40.389 40.358 40.328 
            40.297 40.266 40.235 40.203 40.172 40.14 40.108 40.076 40.044 40.012 
            41.417 41.392 41.366 41.34 41.314 41.288 41.262 41.236 41.209 41.182 
            41.155 41.128 41.101 41.074 41.046 41.018 40.991 40.963 40.934 40.906 
            40.878 40.849 40.82 40.791 40.762 40.733 40.704 40.674 40.644 40.614 
            40.584 40.554 40.524 40.493 40.463 40.432 40.401 40.37 40.339 40.307 
            40.276 40.244 40.212 40.18 40.148 40.116 41.523 41.497 41.472 41.446 
            41.42 41.394 41.367 41.341 41.314 41.288 41.261 41.234 41.206 41.179 
            41.151 41.124 41.096 41.068 41.039 41.011 40.983 40.954 40.925 40.896 
            40.867 40.838 40.808 40.779 40.749 40.719 40.689 40.659 40.628 40.598 
            40.567 40.536 40.505 40.474 40.443 40.411 40.38 40.348 40.316 40.284 
            40.252 40.219 41.628 41.603 41.577 41.551 41.525 41.499 41.473 41.446 
            41.42 41.393 41.366 41.339 41.311 41.284 41.256 41.229 41.201 41.173 
            41.144 41.116 41.087 41.059 41.03 41.001 40.972 40.942 40.913 40.883 
            40.853 40.823 40.793 40.763 40.733 40.702 40.671 40.64 40.609 40.578 
            40.547 40.515 40.484 40.452 40.42 40.388 40.356 40.323 41.734 41.708 
            41.683 41.657 41.631 41.605 41.578 41.552 41.525 41.498 41.471 41.444 
            41.417 41.389 41.361 41.334 41.306 41.277 41.249 41.221 41.192 41.163 
            41.135 41.105 41.076 41.047 41.017 40.988 40.958 40.928 40.898 40.867 
            40.837 40.806 40.776 40.745 40.714 40.682 40.651 40.619 40.588 40.556 
            40.524 40.492 40.459 40.427 41.84 41.814 41.788 41.762 41.736 41.71 41.683 
            41.657 41.63 41.603 41.576 41.549 41.522 41.494 41.466 41.439 41.411 
            41.382 41.354 41.326 41.297 41.268 41.239 41.21 41.181 41.151 41.122 
            41.092 41.062 41.032 41.002 40.972 40.941 40.911 40.88 40.849 40.818 
            40.786 40.755 40.723 40.692 40.66 40.628 40.596 40.563 40.531 41.945 
            41.919 41.894 41.868 41.841 41.815 41.789 41.762 41.735 41.708 41.681 
            41.654 41.627 41.599 41.571 41.544 41.515 41.487 41.459 41.43 41.402 
            41.373 41.344 41.315 41.285 41.256 41.226 41.197 41.167 41.137 41.106 
            41.076 41.046 41.015 40.984 40.953 40.922 40.891 40.859 40.827 40.796 
            40.764 40.732 40.699 40.667 40.635 42.051 42.025 41.999 41.973 41.947 
            41.921 41.894 41.867 41.841 41.814 41.786 41.759 41.732 41.704 41.676 
            41.648 41.62 41.592 41.564 41.535 41.506 41.478 41.449 41.419 41.39 41.361 
            41.331 41.301 41.271 41.241 41.211 41.18 41.15 41.119 41.088 41.057 41.026 
            40.995 40.963 40.931 40.9 40.868 40.835 40.803 40.771 40.738 42.156 42.13 
            42.104 42.078 42.052 42.026 41.999 41.973 41.946 41.919 41.892 41.864 
            41.837 41.809 41.781 41.753 41.725 41.697 41.669 41.64 41.611 41.582 
            41.553 41.524 41.495 41.465 41.435 41.406 41.376 41.345 41.315 41.285 
            41.254 41.223 41.192 41.161 41.13 41.099 41.067 41.035 41.003 40.971 
            40.939 40.907 40.875 40.842 42.261 42.236 42.21 42.184 42.157 42.131 
            42.104 42.078 42.051 42.024 41.997 41.969 41.942 41.914 41.886 41.858 
            41.83 41.802 41.773 41.745 41.716 41.687 41.658 41.629 41.599 41.57 41.54 
            41.51 41.48 41.45 41.419 41.389 41.358 41.327 41.296 41.265 41.234 41.203 
            41.171 41.139 41.107 41.075 41.043 41.011 40.978 40.946 42.367 42.341 
            42.315 42.289 42.263 42.236 42.21 42.183 42.156 42.129 42.102 42.074 
            42.047 42.019 41.991 41.963 41.935 41.907 41.878 41.849 41.821 41.792 
            41.762 41.733 41.704 41.674 41.644 41.614 41.584 41.554 41.524 41.493 
            41.462 41.432 41.401 41.369 41.338 41.307 41.275 41.243 41.211 41.179 
            41.147 41.114 41.082 41.049 42.472 42.446 42.42 42.394 42.368 42.341 
            42.315 42.288 42.261 42.234 42.207 42.179 42.152 42.124 42.096 42.068 
            42.04 42.011 41.983 41.954 41.925 41.896 41.867 41.838 41.808 41.779 
            41.749 41.719 41.689 41.658 41.628 41.597 41.567 41.536 41.505 41.473 
            41.442 41.41 41.379 41.347 41.315 41.283 41.251 41.218 41.185 41.153 
            42.578 42.552 42.526 42.5 42.473 42.447 42.42 42.393 42.366 42.339 42.312 
            42.284 42.257 42.229 42.201 42.173 42.144 42.116 42.087 42.059 42.03 
            42.001 41.972 41.942 41.913 41.883 41.853 41.823 41.793 41.763 41.732 
            41.701 41.671 41.64 41.609 41.577 41.546 41.514 41.483 41.451 41.419 
            41.387 41.354 41.322 41.289 41.256 42.683 42.657 42.631 42.605 42.578 
            42.552 42.525 42.498 42.471 42.444 42.417 42.389 42.361 42.334 42.306 
            42.278 42.249 42.221 42.192 42.163 42.134 42.105 42.076 42.047 42.017 
            41.987 41.957 41.927 41.897 41.867 41.836 41.806 41.775 41.744 41.713 
            41.681 41.65 41.618 41.587 41.555 41.523 41.49 41.458 41.425 41.393 41.36 
            42.788 42.762 42.736 42.71 42.684 42.657 42.63 42.603 42.576 42.549 42.522 
            42.494 42.466 42.438 42.41 42.382 42.354 42.325 42.297 42.268 42.239 
            42.21 42.181 42.151 42.121 42.092 42.062 42.032 42.001 41.971 41.94 41.91 
            41.879 41.848 41.817 41.785 41.754 41.722 41.69 41.658 41.626 41.594 
            41.562 41.529 41.496 41.463 42.894 42.868 42.841 42.815 42.789 42.762 
            42.735 42.708 42.681 42.654 42.627 42.599 42.571 42.543 42.515 42.487 
            42.459 42.43 42.401 42.372 42.343 42.314 42.285 42.255 42.226 42.196 
            42.166 42.136 42.106 42.075 42.045 42.014 41.983 41.952 41.921 41.889 
            41.858 41.826 41.794 41.762 41.73 41.698 41.665 41.633 41.6 41.567 42.999 
            42.973 42.947 42.92 42.894 42.867 42.84 42.813 42.786 42.759 42.731 42.704 
            42.676 42.648 42.62 42.592 42.563 42.535 42.506 42.477 42.448 42.419 
            42.389 42.36 42.33 42.3 42.27 42.24 42.21 42.179 42.149 42.118 42.087 
            42.056 42.025 41.993 41.962 41.93 41.898 41.866 41.834 41.801 41.769 
            41.736 41.703 41.67 43.104 43.078 43.052 43.025 42.999 42.972 42.945 
            42.918 42.891 42.864 42.836 42.809 42.781 42.753 42.725 42.696 42.668 
            42.639 42.61 42.582 42.552 42.523 42.494 42.464 42.434 42.405 42.375 
            42.344 42.314 42.283 42.253 42.222 42.191 42.16 42.128 42.097 42.065 
            42.034 42.002 41.97 41.937 41.905 41.872 41.84 41.807 41.774 43.209 43.183 
            43.157 43.13 43.104 43.077 43.05 43.023 42.996 42.969 42.941 42.913 42.886 
            42.858 42.829 42.801 42.772 42.744 42.715 42.686 42.657 42.628 42.598 
            42.569 42.539 42.509 42.479 42.448 42.418 42.387 42.357 42.326 42.295 
            42.264 42.232 42.201 42.169 42.137 42.105 42.073 42.041 42.008 41.976 
            41.943 41.91 41.877 43.314 43.288 43.262 43.235 43.209 43.182 43.155 
            43.128 43.101 43.073 43.046 43.018 42.99 42.962 42.934 42.906 42.877 
            42.848 42.82 42.79 42.761 42.732 42.702 42.673 42.643 42.613 42.583 42.553 
            42.522 42.492 42.461 42.43 42.399 42.368 42.336 42.305 42.273 42.241 
            42.209 42.177 42.144 42.112 42.079 42.047 42.014 41.98 43.419 43.393 
            43.367 43.341 43.314 43.287 43.26 43.233 43.206 43.178 43.151 43.123 
            43.095 43.067 43.039 43.01 42.982 42.953 42.924 42.895 42.866 42.836 
            42.807 42.777 42.747 42.717 42.687 42.657 42.626 42.596 42.565 42.534 
            42.503 42.471 42.44 42.408 42.377 42.345 42.313 42.28 42.248 42.215 42.183 
            42.15 42.117 42.084 43.525 43.498 43.472 43.446 43.419 43.392 43.365 
            43.338 43.311 43.283 43.255 43.228 43.2 43.171 43.143 43.115 43.086 43.057 
            43.028 42.999 42.97 42.941 42.911 42.881 42.851 42.821 42.791 42.761 
            42.73 42.7 42.669 42.638 42.607 42.575 42.544 42.512 42.48 42.448 42.416 
            42.384 42.352 42.319 42.286 42.253 42.22 42.187 43.63 43.603 43.577 43.55 
            43.524 43.497 43.47 43.443 43.415 43.388 43.36 43.332 43.304 43.276 43.248 
            43.219 43.191 43.162 43.133 43.104 43.074 43.045 43.015 42.986 42.956 
            42.925 42.895 42.865 42.834 42.804 42.773 42.742 42.71 42.679 42.647 
            42.616 42.584 42.552 42.52 42.488 42.455 42.422 42.39 42.357 42.324 42.29 
            43.735 43.708 43.682 43.655 43.629 43.602 43.575 43.547 43.52 43.492 
            43.465 43.437 43.409 43.381 43.352 43.324 43.295 43.266 43.237 43.208 
            43.179 43.149 43.119 43.09 43.06 43.03 42.999 42.969 42.938 42.907 42.877 
            42.845 42.814 42.783 42.751 42.719 42.688 42.656 42.623 42.591 42.559 
            42.526 42.493 42.46 42.427 42.394 43.84 43.813 43.787 43.76 43.734 43.707 
            43.679 43.652 43.625 43.597 43.569 43.541 43.513 43.485 43.457 43.428 
            43.399 43.371 43.342 43.312 43.283 43.253 43.224 43.194 43.164 43.134 
            43.103 43.073 43.042 43.011 42.98 42.949 42.918 42.886 42.855 42.823 
            42.791 42.759 42.727 42.694 42.662 42.629 42.596 42.563 42.53 42.497 
            43.945 43.918 43.892 43.865 43.838 43.811 43.784 43.757 43.729 43.702 
            43.674 43.646 43.618 43.59 43.561 43.533 43.504 43.475 43.446 43.417 
            43.387 43.358 43.328 43.298 43.268 43.238 43.207 43.177 43.146 43.115 
            43.084 43.053 43.022 42.99 42.959 42.927 42.895 42.863 42.83 42.798 42.765 
            42.733 42.7 42.667 42.633 42.6 44.05 44.023 43.997 43.97 43.943 43.916 
            43.889 43.862 43.834 43.806 43.779 43.751 43.722 43.694 43.666 43.637 
            43.608 43.579 43.55 43.521 43.491 43.462 43.432 43.402 43.372 43.342 
            43.311 43.281 43.25 43.219 43.188 43.157 43.125 43.094 43.062 43.03 42.998 
            42.966 42.934 42.901 42.869 42.836 42.803 42.77 42.737 42.703 44.154 
            44.128 44.102 44.075 44.048 44.021 43.994 43.966 43.939 43.911 43.883 
            43.855 43.827 43.799 43.77 43.741 43.712 43.683 43.654 43.625 43.595 
            43.566 43.536 43.506 43.476 43.446 43.415 43.385 43.354 43.323 43.292 
            43.26 43.229 43.197 43.166 43.134 43.102 43.07 43.037 43.005 42.972 42.939 
            42.906 42.873 42.84 42.806 44.259 44.233 44.206 44.18 44.153 44.126 44.098 
            44.071 44.043 44.016 43.988 43.96 43.931 43.903 43.874 43.846 43.817 
            43.788 43.759 43.729 43.7 43.67 43.64 43.61 43.58 43.55 43.519 43.488 
            43.458 43.427 43.395 43.364 43.333 43.301 43.269 43.237 43.205 43.173 
            43.141 43.108 43.075 43.042 43.009 42.976 42.943 42.909 44.364 44.338 
            44.311 44.284 44.257 44.23 44.203 44.175 44.148 44.12 44.092 44.064 44.036 
            44.007 43.979 43.95 43.921 43.892 43.863 43.833 43.804 43.774 43.744 
            43.714 43.684 43.653 43.623 43.592 43.561 43.53 43.499 43.468 43.436 
            43.405 43.373 43.341 43.309 43.276 43.244 43.211 43.179 43.146 43.113 
            43.079 43.046 43.012 44.469 44.442 44.416 44.389 44.362 44.335 44.308 
            44.28 44.252 44.225 44.197 44.168 44.14 44.112 44.083 44.054 44.025 43.996 
            43.967 43.937 43.908 43.878 43.848 43.818 43.788 43.757 43.727 43.696 
            43.665 43.634 43.603 43.571 43.54 43.508 43.476 43.444 43.412 43.38 43.347 
            43.315 43.282 43.249 43.216 43.182 43.149 43.115 44.574 44.547 44.521 
            44.494 44.467 44.439 44.412 44.385 44.357 44.329 44.301 44.273 44.244 
            44.216 44.187 44.158 44.129 44.1 44.071 44.041 44.012 43.982 43.952 43.922 
            43.892 43.861 43.83 43.8 43.769 43.738 43.706 43.675 43.643 43.612 43.58 
            43.548 43.515 43.483 43.451 43.418 43.385 43.352 43.319 43.285 43.252 
            43.218 44.678 44.652 44.625 44.598 44.571 44.544 44.517 44.489 44.461 
            44.433 44.405 44.377 44.349 44.32 44.291 44.263 44.234 44.204 44.175 
            44.145 44.116 44.086 44.056 44.026 43.995 43.965 43.934 43.903 43.872 
            43.841 43.81 43.779 43.747 43.715 43.683 43.651 43.619 43.586 43.554 
            43.521 43.488 43.455 43.422 43.389 43.355 43.321 44.783 44.757 44.73 
            44.703 44.676 44.649 44.621 44.593 44.566 44.538 44.51 44.481 44.453 
            44.424 44.396 44.367 44.338 44.308 44.279 44.249 44.22 44.19 44.16 44.13 
            44.099 44.069 44.038 44.007 43.976 43.945 43.914 43.882 43.85 43.819 
            43.787 43.754 43.722 43.69 43.657 43.624 43.591 43.558 43.525 43.492 
            43.458 43.424 44.888 44.861 44.834 44.807 44.78 44.753 44.726 44.698 
            44.67 44.642 44.614 44.586 44.557 44.529 44.5 44.471 44.442 44.412 44.383 
            44.353 44.324 44.294 44.264 44.233 44.203 44.172 44.142 44.111 44.08 
            44.048 44.017 43.986 43.954 43.922 43.89 43.858 43.825 43.793 43.76 43.727 
            43.694 43.661 43.628 43.594 43.561 43.527 44.992 44.966 44.939 44.912 
            44.885 44.857 44.83 44.802 44.774 44.746 44.718 44.69 44.661 44.633 44.604 
            44.575 44.546 44.516 44.487 44.457 44.428 44.398 44.367 44.337 44.307 
            44.276 44.245 44.214 44.183 44.152 44.121 44.089 44.057 44.025 43.993 
            43.961 43.929 43.896 43.863 43.83 43.797 43.764 43.731 43.697 43.664 
            43.63 45.097 45.07 45.043 45.016 44.989 44.962 44.934 44.907 44.879 44.851 
            44.822 44.794 44.766 44.737 44.708 44.679 44.65 44.62 44.591 44.561 44.531 
            44.501 44.471 44.441 44.41 44.38 44.349 44.318 44.287 44.255 44.224 44.192 
            44.161 44.129 44.096 44.064 44.032 43.999 43.966 43.933 43.9 43.867 43.834 
            43.8 43.767 43.733 45.202 45.175 45.148 45.121 45.094 45.066 45.039 45.011 
            44.983 44.955 44.927 44.898 44.87 44.841 44.812 44.783 44.754 44.724 
            44.695 44.665 44.635 44.605 44.575 44.545 44.514 44.483 44.452 44.421 
            44.39 44.359 44.327 44.296 44.264 44.232 44.2 44.167 44.135 44.102 44.069 
            44.037 44.003 43.97 43.937 43.903 43.869 43.835 45.306 45.279 45.252 
            45.225 45.198 45.171 45.143 45.115 45.087 45.059 45.031 45.002 44.974 
            44.945 44.916 44.887 44.858 44.828 44.799 44.769 44.739 44.709 44.679 
            44.648 44.618 44.587 44.556 44.525 44.494 44.462 44.431 44.399 44.367 
            44.335 44.303 44.271 44.238 44.205 44.173 44.139 44.106 44.073 44.04 
            44.006 43.972 43.938 45.411 45.384 45.357 45.33 45.302 45.275 45.247 
            45.219 45.191 45.163 45.135 45.106 45.078 45.049 45.02 44.991 44.962 
            44.932 44.902 44.873 44.843 44.813 44.782 44.752 44.721 44.69 44.659 
            44.628 44.597 44.566 44.534 44.502 44.47 44.438 44.406 44.374 44.341 
            44.308 44.275 44.242 44.209 44.176 44.142 44.109 44.075 44.041 45.515 
            45.488 45.461 45.434 45.407 45.379 45.351 45.324 45.296 45.267 45.239 
            45.21 45.182 45.153 45.124 45.095 45.065 45.036 45.006 44.976 44.946 
            44.916 44.886 44.855 44.825 44.794 44.763 44.732 44.7 44.669 44.637 44.606 
            44.574 44.541 44.509 44.477 44.444 44.411 44.378 44.345 44.312 44.279 
            44.245 44.211 44.178 44.143 45.619 45.593 45.566 45.538 45.511 45.483 
            45.456 45.428 45.4 45.371 45.343 45.314 45.286 45.257 45.228 45.199 45.169 
            45.14 45.11 45.08 45.05 45.02 44.989 44.959 44.928 44.897 44.866 44.835 
            44.804 44.772 44.741 44.709 44.677 44.645 44.612 44.58 44.547 44.514 
            44.481 44.448 44.415 44.381 44.348 44.314 44.28 44.246 45.724 45.697 
            45.67 45.643 45.615 45.588 45.56 45.532 45.504 45.475 45.447 45.418 45.39 
            45.361 45.332 45.302 45.273 45.243 45.214 45.184 45.154 45.123 45.093 
            45.062 45.032 45.001 44.97 44.938 44.907 44.875 44.844 44.812 44.78 44.748 
            44.715 44.683 44.65 44.617 44.584 44.551 44.518 44.484 44.451 44.417 
            44.383 44.349 45.828 45.801 45.774 45.747 45.719 45.692 45.664 45.636 
            45.608 45.579 45.551 45.522 45.494 45.465 45.435 45.406 45.377 45.347 
            45.317 45.287 45.257 45.227 45.196 45.166 45.135 45.104 45.073 45.042 
            45.01 44.979 44.947 44.915 44.883 44.851 44.818 44.786 44.753 44.72 44.687 
            44.654 44.62 44.587 44.553 44.519 44.485 44.451 45.932 45.905 45.878 
            45.851 45.823 45.796 45.768 45.74 45.712 45.683 45.655 45.626 45.597 
            45.568 45.539 45.51 45.48 45.451 45.421 45.391 45.361 45.33 45.3 45.269 
            45.238 45.207 45.176 45.145 45.114 45.082 45.05 45.018 44.986 44.954 
            44.921 44.889 44.856 44.823 44.79 44.757 44.723 44.69 44.656 44.622 44.588 
            44.554 46.037 46.01 45.982 45.955 45.928 45.9 45.872 45.844 45.816 45.787 
            45.759 45.73 45.701 45.672 45.643 45.614 45.584 45.554 45.524 45.494 
            45.464 45.434 45.403 45.373 45.342 45.311 45.28 45.248 45.217 45.185 
            45.153 45.121 45.089 45.057 45.024 44.991 44.959 44.926 44.893 44.859 
            44.826 44.792 44.758 44.724 44.69 44.656 46.141 46.114 46.087 46.059 
            46.032 46.004 45.976 45.948 45.92 45.891 45.863 45.834 45.805 45.776 
            45.747 45.717 45.688 45.658 45.628 45.598 45.568 45.537 45.507 45.476 
            45.445 45.414 45.383 45.351 45.32 45.288 45.256 45.224 45.192 45.16 45.127 
            45.094 45.061 45.028 44.995 44.962 44.928 44.895 44.861 44.827 44.793 
            44.758 46.245 46.218 46.191 46.163 46.136 46.108 46.08 46.052 46.023 
            45.995 45.966 45.938 45.909 45.88 45.85 45.821 45.791 45.761 45.731 45.701 
            45.671 45.641 45.61 45.579 45.548 45.517 45.486 45.454 45.423 45.391 
            45.359 45.327 45.295 45.262 45.23 45.197 45.164 45.131 45.098 45.065 
            45.031 44.997 44.963 44.929 44.895 44.861 46.349 46.322 46.295 46.267 
            46.24 46.212 46.184 46.156 46.127 46.099 46.07 46.041 46.012 45.983 45.954 
            45.924 45.895 45.865 45.835 45.805 45.774 45.744 45.713 45.682 45.652 
            45.62 45.589 45.558 45.526 45.494 45.462 45.43 45.398 45.365 45.333 45.3 
            45.267 45.234 45.201 45.167 45.134 45.1 45.066 45.032 44.998 44.963 46.453 
            46.426 46.399 46.371 46.344 46.316 46.288 46.259 46.231 46.203 46.174 
            46.145 46.116 46.087 46.057 46.028 45.998 45.968 45.938 45.908 45.878 
            45.847 45.817 45.786 45.755 45.723 45.692 45.661 45.629 45.597 45.565 
            45.533 45.501 45.468 45.435 45.403 45.37 45.336 45.303 45.27 45.236 45.202 
            45.168 45.134 45.1 45.065 46.557 46.53 46.503 46.475 46.447 46.42 46.391 
            46.363 46.335 46.306 46.278 46.249 46.22 46.19 46.161 46.131 46.102 46.072 
            46.042 46.011 45.981 45.95 45.92 45.889 45.858 45.827 45.795 45.764 45.732 
            45.7 45.668 45.636 45.603 45.571 45.538 45.505 45.472 45.439 45.406 45.372 
            45.338 45.305 45.271 45.236 45.202 45.168 46.661 46.634 46.607 46.579 
            46.551 46.523 46.495 46.467 46.439 46.41 46.381 46.352 46.323 46.294 
            46.264 46.235 46.205 46.175 46.145 46.115 46.084 46.054 46.023 45.992 
            45.961 45.93 45.898 45.867 45.835 45.803 45.771 45.739 45.706 45.674 
            45.641 45.608 45.575 45.542 45.508 45.475 45.441 45.407 45.373 45.339 
            45.304 45.27 46.765 46.738 46.71 46.683 46.655 46.627 46.599 46.571 46.542 
            46.514 46.485 46.456 46.427 46.397 46.368 46.338 46.308 46.278 46.248 
            46.218 46.187 46.157 46.126 46.095 46.064 46.033 46.001 45.969 45.938 
            45.906 45.874 45.841 45.809 45.776 45.743 45.71 45.677 45.644 45.611 
            45.577 45.543 45.509 45.475 45.441 45.407 45.372 46.869 46.842 46.814 
            46.787 46.759 46.731 46.703 46.674 46.646 46.617 46.588 46.559 46.53 
            46.501 46.471 46.442 46.412 46.382 46.352 46.321 46.291 46.26 46.229 
            46.198 46.167 46.136 46.104 46.072 46.041 46.008 45.976 45.944 45.911 
            45.879 45.846 45.813 45.78 45.746 45.713 45.679 45.646 45.612 45.577 
            45.543 45.509 45.474 46.973 46.946 46.918 46.89 46.863 46.834 46.806 
            46.778 46.749 46.721 46.692 46.663 46.634 46.604 46.575 46.545 46.515 
            46.485 46.455 46.424 46.394 46.363 46.332 46.301 46.27 46.238 46.207 
            46.175 46.143 46.111 46.079 46.047 46.014 45.981 45.948 45.915 45.882 
            45.849 45.815 45.782 45.748 45.714 45.68 45.645 45.611 45.576 47.077 
            47.049 47.022 46.994 46.966 46.938 46.91 46.881 46.853 46.824 46.795 
            46.766 46.737 46.707 46.678 46.648 46.618 46.588 46.558 46.527 46.497 
            46.466 46.435 46.404 46.373 46.341 46.31 46.278 46.246 46.214 46.182 
            46.149 46.117 46.084 46.051 46.018 45.985 45.951 45.918 45.884 45.85 
            45.816 45.782 45.747 45.713 45.678 47.181 47.153 47.126 47.098 47.07 
            47.042 47.013 46.985 46.956 46.928 46.899 46.87 46.84 46.811 46.781 46.751 
            46.721 46.691 46.661 46.63 46.6 46.569 46.538 46.507 46.476 46.444 46.412 
            46.381 46.349 46.317 46.284 46.252 46.219 46.186 46.153 46.12 46.087 
            46.054 46.02 45.986 45.952 45.918 45.884 45.849 45.815 45.78 47.284 47.257 
            47.229 47.201 47.173 47.145 47.117 47.088 47.06 47.031 47.002 46.973 
            46.944 46.914 46.884 46.854 46.824 46.794 46.764 46.733 46.703 46.672 
            46.641 46.61 46.578 46.547 46.515 46.483 46.451 46.419 46.387 46.354 
            46.322 46.289 46.256 46.223 46.189 46.156 46.122 46.088 46.054 46.02 
            45.986 45.951 45.917 45.882 47.388 47.36 47.333 47.305 47.277 47.249 
            47.22 47.192 47.163 47.134 47.105 47.076 47.047 47.017 46.987 46.958 
            46.928 46.897 46.867 46.836 46.806 46.775 46.744 46.713 46.681 46.65 
            46.618 46.586 46.554 46.522 46.489 46.457 46.424 46.391 46.358 46.325 
            46.292 46.258 46.224 46.19 46.156 46.122 46.088 46.053 46.019 45.984 
            47.492 47.464 47.436 47.408 47.38 47.352 47.324 47.295 47.267 47.238 
            47.209 47.179 47.15 47.12 47.091 47.061 47.031 47 46.97 46.939 46.909 
            46.878 46.847 46.815 46.784 46.752 46.721 46.689 46.656 46.624 46.592 
            46.559 46.526 46.494 46.46 46.427 46.394 46.36 46.326 46.293 46.258 46.224 
            46.19 46.155 46.121 46.086 47.595 47.568 47.54 47.512 47.484 47.456 47.427 
            47.399 47.37 47.341 47.312 47.283 47.253 47.223 47.194 47.164 47.134 
            47.103 47.073 47.042 47.011 46.98 46.949 46.918 46.887 46.855 46.823 
            46.791 46.759 46.727 46.694 46.662 46.629 46.596 46.563 46.529 46.496 
            46.462 46.429 46.395 46.36 46.326 46.292 46.257 46.222 46.187 47.699 
            47.671 47.643 47.615 47.587 47.559 47.531 47.502 47.473 47.444 47.415 
            47.386 47.356 47.327 47.297 47.267 47.237 47.206 47.176 47.145 47.114 
            47.083 47.052 47.021 46.989 46.957 46.926 46.894 46.861 46.829 46.797 
            46.764 46.731 46.698 46.665 46.632 46.598 46.564 46.531 46.497 46.462 
            46.428 46.394 46.359 46.324 46.289 47.802 47.775 47.747 47.719 47.691 
            47.662 47.634 47.605 47.576 47.547 47.518 47.489 47.459 47.43 47.4 47.37 
            47.339 47.309 47.279 47.248 47.217 47.186 47.155 47.123 47.092 47.06 
            47.028 46.996 46.964 46.931 46.899 46.866 46.833 46.8 46.767 46.734 46.7 
            46.666 46.633 46.598 46.564 46.53 46.495 46.461 46.426 46.391 47.906 
            47.878 47.85 47.822 47.794 47.766 47.737 47.708 47.679 47.65 47.621 47.592 
            47.562 47.532 47.503 47.473 47.442 47.412 47.381 47.351 47.32 47.289 
            47.257 47.226 47.194 47.163 47.131 47.098 47.066 47.034 47.001 46.968 
            46.936 46.902 46.869 46.836 46.802 46.768 46.734 46.7 46.666 46.632 46.597 
            46.562 46.527 46.492 48.009 47.981 47.953 47.925 47.897 47.869 47.84 
            47.811 47.783 47.753 47.724 47.695 47.665 47.635 47.605 47.575 47.545 
            47.515 47.484 47.453 47.422 47.391 47.36 47.328 47.297 47.265 47.233 
            47.201 47.169 47.136 47.103 47.071 47.038 47.005 46.971 46.938 46.904 
            46.87 46.836 46.802 46.768 46.733 46.699 46.664 46.629 46.594 48.112 
            48.085 48.057 48.029 48 47.972 47.943 47.915 47.886 47.856 47.827 47.798 
            47.768 47.738 47.708 47.678 47.648 47.617 47.587 47.556 47.525 47.494 
            47.462 47.431 47.399 47.367 47.335 47.303 47.271 47.238 47.206 47.173 
            47.14 47.107 47.073 47.04 47.006 46.972 46.938 46.904 46.87 46.835 46.801 
            46.766 46.731 46.696 48.216 48.188 48.16 48.132 48.103 48.075 48.046 
            48.018 47.989 47.959 47.93 47.901 47.871 47.841 47.811 47.781 47.75 47.72 
            47.689 47.658 47.627 47.596 47.565 47.533 47.502 47.47 47.438 47.405 
            47.373 47.34 47.308 47.275 47.242 47.209 47.175 47.142 47.108 47.074 
            47.04 47.006 46.971 46.937 46.902 46.867 46.832 46.797 
